-0.18921875098082,0.32419749515258,-0.088258544758951,-0.16857478806802,-0.0489721652787,-0.15775499754202,-0.11500998916279,0.34022967930149,0.31295716130628,-0.034931693684763,0.15349779182533,-0.15862580400716,0.27389893961423,0.15994957785842,0.2357716070619,0.011449448095431
-0.34826283462945,0.11555391226026,-0.14663353212976,-0.11585083515998,-0.08108151144848,0.11047245832572,0.10699723193171,0.22492953825938,0.025657907719676,0.01334068268552,-0.035216184832928,0.032467642261229,-0.069224984108561,-0.025993145635664,0.23869233336047,-0.30749112397984
-0.077875899615994,0.10958166015144,0.12954805542815,-0.050885355775727,-0.15782038158453,0.053685986110934,0.16211427637628,0.27149759333265,-0.24355712385142,0.11683553791049,0.056055743992415,0.014914608740573,0.06285159823948,-0.077956731277152,0.079042665150557,0.091132939126452
0.011592713135906,0.19120013075246,-0.17014976864401,0.080716121380257,-0.22018358045339,0.0071178144351808,0.21651550206781,0.18836351733604,-0.22787612360574,0.32087625831802,0.012686343253889,0.12662815257606,-0.10824307466144,0.29428685211913,0.081811279156732,-0.16752983889707
0.14413940924864,-0.098019943402339,0.27942039698227,-0.17517531900044,0.26641655474406,0.0013029563134419,-0.0073553071132824,0.19673947018163,-0.2175776185984,0.25284540959035,0.049156472113348,-0.099333665280666,-0.16151789526475,0.32254690592164,-0.1434758106913,-0.10427574450891
0.12692330894503,0.011963671324653,-0.047131284689336,-0.10083327236047,0.047721653734392,0.15520974409381,-0.087578195985867,-0.072995521400195,0.16314927898572,0.12919748615891,0.12518132981409,0.0078976899186805,0.14092596207837,0.016807304592714,0.073976752035622,0.059130115996072
0.20228909728695,-0.2092045846606,-0.0031087301864589,0.12929021912355,-0.27423140682884,-0.22081368435698,0.005455960976028,0.25159191283956,-0.015777584315031,0.051444484181459,-0.11826167022679,0.033663740091964,0.01339964881664,-0.053257390098647,-0.10123292018287,0.022677055064725
0.17561235862969,-0.070239695421132,0.020182472634527,0.005140483321681,0.35746885752452,0.031094455756472,0.074377234216543,-0.20352900825581,-0.086338279978233,0.17147928531574,-0.041170607985103,-0.12742406079275,-0.0070808302576597,0.20583932410248,0.19444601885275,0.2226696774823
0.27761021457336,0.076813019059221,0.19084026662576,0.25073616028194,-0.21676430113429,0.29802733177967,-0.054905427422273,0.054142325300448,-0.1231057702248,-0.22617924148063,0.28571272665686,0.2792907047554,0.12282004560574,0.27050363499939,-0.1087434269485,-0.16442911253661
-0.023462995232695,-0.25629344039625,-0.027237735873199,0.062123950740047,0.14136033798656,-0.04034659573341,0.19531970693402,0.11429200459445,0.012196664793223,-0.0026375479960373,0.0085247224103532,0.21907487294234,-0.27906233026177,0.0078952221646642,0.1154519208911,0.0065690509961862
0.20305150751598,0.11953448334279,0.20215450531066,0.045675867864314,0.052297732618644,0.14331995039429,-0.15678985096824,-0.10228847949975,0.18891817770995,-0.14564116344905,0.026512890707568,-0.026994635334206,0.012677037159003,-0.25478049186735,0.080506363635346,0.15735160118749
0.0095862905754346,0.21009447986625,-0.10877125179148,0.13424576767705,0.11861358938675,-0.084281465075187,0.2031714729388,0.12152289620376,0.21869170691021,-0.2006308807295,-0.031943654579951,-0.28498949913295,-0.13406705880987,0.13281420688275,0.13709357543657,-0.08904430959193
-0.14650819987702,0.23571372951596,0.00087848500857058,-0.15516436133073,0.14884979191419,-0.037033296929036,0.1688477659904,-0.11658997340053,-0.073784528996541,-0.030167509833752,0.082139193360843,0.22794831354605,-0.036073002950737,-0.00027297724253279,-0.13672741936731,-0.059173640831524
0.31970544255371,0.062754035769402,0.0037355214687744,-0.13117658046706,-0.26186575674234,0.278968823546,-0.10018863171969,0.019582803136318,0.13355221895049,0.16704103526879,0.11919573525989,0.21718631738339,0.24260297330111,-0.013508616926726,-0.00082881159437617,-0.27744751652393
-0.0014887319586746,0.10869428992226,-0.0039908416061796,0.075303879169045,0.10450320036543,0.17212925016479,-0.1164087521922,0.070325088349456,-0.049934106210203,0.20839394961771,-0.098670245424501,0.00033000647067236,-0.0051478112771146,0.14879912900817,0.13826433284769,-0.072220018024168
0.026036152595057,-0.16045252721239,0.23173033458538,-0.013677057172931,-0.038601063838802,0.22776787354022,0.35215803987886,-0.1141186370166,-0.099943050949565,-0.0087998169741552,0.044659147072995,-0.17983728992593,-0.096679445811231,0.20812662323611,0.0091363971057191,-0.13807566543277
-0.058020135222638,0.12174538642735,-0.33842611885439,0.25025397540673,-0.24586934433748,-0.2097104106083,0.055806466289778,0.056044294999034,-0.024057355745417,-0.052495631875894,0.28430745389827,0.071969279293117,-0.025167282874251,0.04665776406755,-0.038296956216496,0.20129384935223
0.1523538781284,0.035236741287225,-0.11758827527439,0.038003294304351,-0.030536259251295,0.048636661927476,-0.11267873287139,0.11473993043984,0.082257621442477,0.053552657369844,-0.21364800197134,0.042592535651913,0.21656142747397,-0.043176410453293,-0.25184262663359,0.026343190070929
0.058199910722873,-0.077292931997471,-0.0047605086589666,-0.072102273332338,-0.038572716457135,-0.026545909855417,-0.075521513048362,0.18689021100154,0.34910048025945,0.003219046579906,-0.19519643046583,-0.24605817368719,-0.14682076261832,-0.0015933472958675,0.071890780040459,-0.030262333336232
0.013697802505526,0.039342300854524,0.19101754754163,0.26952347015101,0.001368977437307,-0.0069128554069762,0.10297112808549,0.034895627964104,0.016656256930263,-0.30484261167575,0.027667030899697,0.060112863749908,-0.077503738815214,-0.2372472991041,-0.1776923236918,0.28186120102032
0.012477473173119,-0.11722148621321,0.016089645222997,0.12606056571442,-0.048503921157045,0.044385821681691,0.093696832206639,0.27484746189303,0.30083850770386,0.0048872977209633,-0.013100120717178,-0.21285127228368,0.065030760133759,-0.12738647582853,-0.12215350670252,0.010036045091246
-0.0096154238586799,0.17602916576945,-0.34944768399852,-0.15456181454387,-0.19700474569247,0.26392280943131,0.067472787916541,0.031708621428181,0.17670050351031,0.27571494733513,0.033595874346926,-0.1115294245305,-0.033422909874025,0.18289499031167,-0.26731074079119,0.044452610557674
0.16841567439432,-0.042113916046192,-0.14227631254594,0.33269324539079,-0.24559141748662,-0.093587850491748,0.19524328491486,0.1321185674774,0.025748739726459,0.24404479547521,-0.24355853874232,0.22689973701965,0.13297582929726,0.033947405486673,0.18717981894011,-0.0076796686948571
-0.11182775628387,0.11370201151185,0.12065099058296,0.16447990895798,0.27874798545622,-0.1375630622822,-0.14067438133109,-0.23687083380344,0.13412831991746,-0.20134596568205,-0.15575167602189,0.042464920650378,0.094817908579677,0.023084738229651,0.15816360430255,-0.0099912295371289
-0.041782069541401,-0.055152708117311,0.053735961458442,0.22379226896925,-0.041240879483741,0.1031325711566,-0.33021330690534,0.30761070611014,0.024701483238971,-0.12474732335714,0.23145128610203,0.06486588364361,0.31986349808585,0.22162491793602,-0.097705931971025,0.14154621463703
-0.16950657723833,-0.083726785237145,-0.17744029641249,-0.10302939296221,0.04721363795727,-0.26357089904458,-0.21348508071776,-0.020730363443344,-0.065102573516534,-0.16502302162374,-0.075315838966436,-0.033386348029822,0.12035176250608,-0.1586400246399,-0.072710026260255,-0.086310768798702
-0.13367444103669,-0.20962192031607,-0.14385724862704,-0.29743331161219,-0.023222337987948,-0.18184080524921,0.26759696970446,-0.12972502872377,0.06671776298502,-0.087440257861966,-0.11271287618142,0.10337998768437,0.10517048204131,0.24492814785016,0.2367692950458,0.026377805622194
0.03918489867953,-0.27420401454261,-0.093944395039287,-0.34273934716027,0.12339863619941,0.22865643919209,0.078278694831443,0.17222445771391,-0.18776621431318,-0.067190041246605,0.081449372598115,-0.076900293870593,0.14997143291885,-0.04114559001406,-0.16664444039933,0.0023578297468114
0.1034085581986,0.051795608830336,0.15670875236761,-0.056025805678234,-0.19296189950775,-0.33538445831632,0.32606230568411,0.11754509380654,-0.28496604348558,-0.0087567531287809,-0.097498159231156,0.22986129259318,0.14500674965563,0.015593734898489,0.056933952136188,0.27203768517129
0.014260373008157,0.011543473213677,-0.26774901694015,0.18948753199084,-0.085378157131721,0.13660940519043,-0.0049955196497501,-0.23794901796316,-0.30705363655776,0.10047041620157,-0.032840386567881,-0.0085456455584185,-0.21051051876715,0.12388607551957,-0.060096665121658,0.24024222563788
0.1805853231078,-0.27003086749573,-0.025808169243869,0.072615647019932,0.1674470089196,0.10428932712971,-0.0016551974194209,-0.10034308755001,0.25540455390235,-0.076208966793382,-0.10148546049142,-0.043084180762405,0.099695286359936,-0.099558639103653,-0.27177705047811,-0.02229620045398
0.24773131499349,-0.13424767074005,-0.027111056626781,-0.091106424021894,-0.068478345152278,-0.037024996339887,-0.35958979384019,0.23030467654255,-0.016208804929767,-0.019536555281532,0.016652726584229,-0.17947276407757,-0.073408715083907,0.22433063617381,-0.082039379236936,-0.20835634720238
0.2613906052955,-0.2156592429934,0.048171351357314,-0.055487595608251,0.077359046868816,0.22731588589648,-0.05282502004173,-0.24677679889479,0.17428214467867,-0.024530744786439,-0.052129438085941,-0.2721545940971,0.21387506407798,-0.030972748932465,-0.17565254105203,-0.076370504436523
0.030950517964456,0.18154520674222,-0.089858022356545,-0.15220432935075,-0.25665269462049,0.0092407767346757,0.032583783262621,-0.12538625052944,-0.2389461249608,-0.097026158137176,-0.012209454721258,0.28276823999592,-0.2467666554224,-0.24541278132562,0.065277573678292,-0.013664393108933
-0.11702110047512,-0.1505085713015,0.061485887839227,0.1522599998558,-0.24511304381528,0.14360798456633,0.20222960133557,0.0059872170676752,-0.022308036355005,0.15818275285569,0.12243482783582,0.2678245974117,-0.33965400303839,-0.0005384848298845,-0.053195633349261,-0.2062756731448
0.28261729826193,-0.075586417020686,0.014464080292356,0.31472980951462,0.029721866192761,-0.11914912838944,-0.06431910969621,-0.082320188061631,0.0029549071718032,-0.036559208827112,-0.063745091614156,0.35488579855629,-0.17684083179079,-0.2041540989476,-0.057310987078876,0.24228233419876
0.22590734340389,0.029534635740806,0.050085414106142,0.1156916534813,-0.11781633472259,0.1181884255149,0.050450771381982,-0.029505676179073,-0.10333430739526,-0.088139766371277,-0.30119479626865,-0.22708649456308,-0.26181578483586,0.33601764287496,0.058267752422757,0.19751907447973
-0.1969916310423,0.017699555612833,0.030173241689861,-0.06502323083718,-0.11459996150236,0.088072425564642,-0.13043439446743,0.17199222087291,0.01878975967896,-0.0075757362842112,0.1107810202581,0.10079685546543,0.14828867326053,-0.24779195483434,-0.20712804870279,-0.32171844341794
-0.024957328905573,0.0057294385030038,-0.056418143524452,-0.059074118307031,0.29391928367951,0.20263602655036,-0.2626464676476,-0.0012075856060537,-0.036411120391158,-0.075258906852576,0.15850020493569,0.037225348694979,0.033481629787444,-0.15435764362437,0.16263074736702,-0.041651103954195
